 1  8.333333333333333e-2
 0.6801931358724592  -0.6801931358724592   0.1932286156654598  -0.1932286156654598
 0.6801931358724592   0.6801931358724592   0.1932286156654598   0.1932286156654598
-0.1932286156654598  -0.1932286156654598   0.6801931358724592   0.6801931358724592
 0.1932286156654598  -0.1932286156654598  -0.6801931358724592   0.6801931358724592

 2  8.333333333333333e-2
 0.6801931358724592  -0.6801931358724592  -0.1932286156654598   0.1932286156654598
 0.6801931358724592   0.6801931358724592  -0.1932286156654598  -0.1932286156654598
 0.1932286156654598   0.1932286156654598   0.6801931358724592   0.6801931358724592
-0.1932286156654598   0.1932286156654598  -0.6801931358724592   0.6801931358724592

 3  8.333333333333333e-2
 0.1932286156654599  -0.1932286156654599   0.6801931358724592  -0.6801931358724592
 0.1932286156654599   0.1932286156654599   0.6801931358724592   0.6801931358724592
-0.6801931358724592  -0.6801931358724592   0.1932286156654599   0.1932286156654599
 0.6801931358724592  -0.6801931358724592  -0.1932286156654599   0.1932286156654599

 4  8.333333333333333e-2
 0.1932286156654599  -0.1932286156654599  -0.6801931358724592   0.6801931358724592
 0.1932286156654599   0.1932286156654599  -0.6801931358724592  -0.6801931358724592
 0.6801931358724592   0.6801931358724592   0.1932286156654599   0.1932286156654599
-0.6801931358724592   0.6801931358724592  -0.1932286156654599   0.1932286156654599

 5  8.333333333333333e-2
 0.6176024433482945  -0.3443359144356228   0.6176024433482945  -0.3443359144356228
 0.3443359144356228   0.6176024433482945   0.3443359144356228   0.6176024433482945
-0.6176024433482945  -0.3443359144356228   0.6176024433482945   0.3443359144356228
 0.3443359144356228  -0.6176024433482945  -0.3443359144356228   0.6176024433482945

 6  8.333333333333333e-2
 0.3443359144356228  -0.6176024433482945   0.3443359144356228  -0.6176024433482945
 0.6176024433482945   0.3443359144356228   0.6176024433482945   0.3443359144356228
-0.3443359144356228  -0.6176024433482945   0.3443359144356228   0.6176024433482945
 0.6176024433482945  -0.3443359144356228  -0.6176024433482945   0.3443359144356228

 7  8.333333333333333e-2
 0.6176024433482945  -0.3443359144356228  -0.6176024433482945   0.3443359144356228
 0.3443359144356228   0.6176024433482945  -0.3443359144356228  -0.6176024433482945
 0.6176024433482945   0.3443359144356228   0.6176024433482945   0.3443359144356228
-0.3443359144356228   0.6176024433482945  -0.3443359144356228   0.6176024433482945

 8  8.333333333333333e-2
 0.3443359144356228  -0.6176024433482945  -0.3443359144356228   0.6176024433482945
 0.6176024433482945   0.3443359144356228  -0.6176024433482945  -0.3443359144356228
 0.3443359144356228   0.6176024433482945   0.3443359144356228   0.6176024433482945
-0.6176024433482945   0.3443359144356228  -0.6176024433482945   0.3443359144356228

 9  8.333333333333333e-2
 0.9619383577839174  -0.2732665289126717   0                    0
 0.2732665289126717   0.9619383577839174   0                    0
 0                    0                    0.9619383577839174   0.2732665289126717
 0                    0                   -0.2732665289126717   0.9619383577839174

10  8.333333333333333e-2
 0                    0                    0.9619383577839174  -0.2732665289126717
 0                    0                    0.2732665289126717   0.9619383577839174
-0.9619383577839174  -0.2732665289126717   0                    0
 0.2732665289126717  -0.9619383577839174   0                    0

11  8.333333333333333e-2
 0.2732665289126717  -0.9619383577839174   0                    0
 0.9619383577839174   0.2732665289126717   0                    0
 0                    0                    0.2732665289126717   0.9619383577839174
 0                    0                   -0.9619383577839174   0.2732665289126717

12  8.333333333333333e-2
 0                    0                    0.2732665289126717  -0.9619383577839174
 0                    0                    0.9619383577839174   0.2732665289126717
-0.2732665289126717  -0.9619383577839174   0                    0
 0.9619383577839174  -0.2732665289126717   0                    0

