 1 0.01269841269841269
 0                    0                    0.7071067811865474  -0.7071067811865474
 0                    0                    0.7071067811865474   0.7071067811865474
-0.7071067811865474  -0.7071067811865474   0                    0
 0.7071067811865474  -0.7071067811865474   0                    0 

 2 0.01269841269841269
 0.5                 -0.5                 -0.5                  0.5
 0.5                  0.5                 -0.5                 -0.5
 0.5                  0.5                  0.5                  0.5
-0.5                  0.5                 -0.5                  0.5

 3 0.01269841269841269
 0                   -1                    0                    0
 1                    0                    0                    0
 0                    0                    0                    1
 0                    0                   -1                    0

 4 0.01269841269841269
 1                    0                    0                    0
 0                    1                    0                    0
 0                    0                    1                    0
 0                    0                    0                    1

 5 0.01269841269841269
 0.5                 -0.5                  0.5                 -0.5
 0.5                  0.5                  0.5                  0.5
-0.5                 -0.5                  0.5                  0.5
 0.5                 -0.5                 -0.5                  0.5 

 6 0.01269841269841269
 0.7071067811865474  -0.7071067811865474   0                    0
 0.7071067811865474   0.7071067811865474   0                    0
 0                    0                    0.7071067811865474   0.7071067811865474
 0                    0                   -0.7071067811865474   0.7071067811865474 

 7 0.02257495590828924
 0.2705980500730984  -0.6532814824381881  -0.2705980500730984   0.6532814824381881
 0.6532814824381881   0.2705980500730984  -0.6532814824381881  -0.2705980500730984
 0.2705980500730984   0.6532814824381881   0.2705980500730984   0.6532814824381881
-0.6532814824381881   0.2705980500730984  -0.6532814824381881   0.2705980500730984 

 8 0.02257495590828924
 0.6532814824381881  -0.2705980500730984  -0.6532814824381881   0.2705980500730984
 0.2705980500730984   0.6532814824381881  -0.2705980500730984  -0.6532814824381881
 0.6532814824381881   0.2705980500730984   0.6532814824381881   0.2705980500730984
-0.2705980500730984   0.6532814824381881  -0.2705980500730984   0.6532814824381881 

 9 0.02257495590828924
 0.2705980500730984  -0.6532814824381881   0.2705980500730984  -0.6532814824381881
 0.6532814824381881   0.2705980500730984   0.6532814824381881   0.2705980500730984
-0.2705980500730984  -0.6532814824381881   0.2705980500730984   0.6532814824381881
 0.6532814824381881  -0.2705980500730984  -0.6532814824381881   0.2705980500730984 

10 0.02257495590828924
 0.6532814824381881  -0.2705980500730984   0.6532814824381881  -0.2705980500730984
 0.2705980500730984   0.6532814824381881   0.2705980500730984   0.6532814824381881
-0.6532814824381881  -0.2705980500730984   0.6532814824381881   0.2705980500730984
 0.2705980500730984  -0.6532814824381881  -0.2705980500730984   0.6532814824381881 

11 0.02257495590828924
 0                    0                    0.3826834323650898  -0.9238795325112867
 0                    0                    0.9238795325112867   0.3826834323650898
-0.3826834323650898  -0.9238795325112867   0                    0
 0.9238795325112867  -0.3826834323650898   0                    0 

12 0.02257495590828924
 0                    0                    0.9238795325112867  -0.3826834323650897
 0                    0                    0.3826834323650897   0.9238795325112867
-0.9238795325112867  -0.3826834323650897   0                    0
 0.3826834323650897  -0.9238795325112867   0                    0 

13 0.02257495590828924
 0.2705980500730984  -0.2705980500730984  -0.6532814824381881   0.6532814824381881
 0.2705980500730984   0.2705980500730984  -0.6532814824381881  -0.6532814824381881
 0.6532814824381881   0.6532814824381881   0.2705980500730984   0.2705980500730984
-0.6532814824381881   0.6532814824381881  -0.2705980500730984   0.2705980500730984 

14 0.02257495590828924
 0.2705980500730984  -0.2705980500730984   0.6532814824381881  -0.6532814824381881
 0.2705980500730984   0.2705980500730984   0.6532814824381881   0.6532814824381881
-0.6532814824381881  -0.6532814824381881   0.2705980500730984   0.2705980500730984
 0.6532814824381881  -0.6532814824381881  -0.2705980500730984   0.2705980500730984 

15 0.02257495590828924
 0.3826834323650898  -0.9238795325112867   0                    0
 0.9238795325112867   0.3826834323650898   0                    0
 0                    0                    0.3826834323650898   0.9238795325112867
 0                    0                   -0.9238795325112867   0.3826834323650898 

16 0.02257495590828924
 0.9238795325112867  -0.3826834323650897   0                    0
 0.3826834323650897   0.9238795325112867   0                    0
 0                    0                    0.9238795325112867   0.3826834323650897
 0                    0                   -0.3826834323650897   0.9238795325112867 

17 0.02257495590828924
 0.6532814824381881  -0.6532814824381881  -0.2705980500730984   0.2705980500730984
 0.6532814824381881   0.6532814824381881  -0.2705980500730984  -0.2705980500730984
 0.2705980500730984   0.2705980500730984   0.6532814824381881   0.6532814824381881
-0.2705980500730984   0.2705980500730984  -0.6532814824381881   0.6532814824381881 

18 0.02257495590828924
 0.6532814824381881  -0.6532814824381881   0.2705980500730984  -0.2705980500730984
 0.6532814824381881   0.6532814824381881   0.2705980500730984   0.2705980500730984
-0.2705980500730984  -0.2705980500730984   0.6532814824381881   0.6532814824381881
 0.2705980500730984  -0.2705980500730984  -0.6532814824381881   0.6532814824381881 

19 0.02109375000000000
 0.1759198966061611  -0.3398511429799873  -0.4247082002778668   0.8204732385702833
 0.3398511429799873   0.1759198966061611  -0.8204732385702833  -0.4247082002778668
 0.4247082002778668   0.8204732385702833   0.1759198966061611   0.3398511429799873
-0.8204732385702833   0.4247082002778668  -0.3398511429799873   0.1759198966061611 

20 0.02109375000000000
 0.3398511429799873  -0.1759198966061611  -0.8204732385702833   0.4247082002778668
 0.1759198966061611   0.3398511429799873  -0.4247082002778668  -0.8204732385702833
 0.8204732385702833   0.4247082002778668   0.3398511429799873   0.1759198966061611
-0.4247082002778668   0.8204732385702833  -0.1759198966061611   0.3398511429799873 

21 0.02109375000000000
 0.1759198966061611  -0.3398511429799873   0.4247082002778668  -0.8204732385702833
 0.3398511429799873   0.1759198966061611   0.8204732385702833   0.4247082002778668
-0.4247082002778668  -0.8204732385702833   0.1759198966061611   0.3398511429799873
 0.8204732385702833  -0.4247082002778668  -0.3398511429799873   0.1759198966061611 

22 0.02109375000000000
 0.3398511429799873  -0.1759198966061611   0.8204732385702833  -0.4247082002778668
 0.1759198966061611   0.3398511429799873   0.4247082002778668   0.8204732385702833
-0.8204732385702833  -0.4247082002778668   0.3398511429799873   0.1759198966061611
 0.4247082002778668  -0.8204732385702833  -0.1759198966061611   0.3398511429799873 

23 0.02109375000000000
 0.4247082002778668  -0.8204732385702833  -0.1759198966061611   0.3398511429799873
 0.8204732385702833   0.4247082002778668  -0.3398511429799873  -0.1759198966061611
 0.1759198966061611   0.3398511429799873   0.4247082002778668   0.8204732385702833
-0.3398511429799873   0.1759198966061611  -0.8204732385702833   0.4247082002778668 

24 0.02109375000000000
 0.8204732385702833  -0.4247082002778668  -0.3398511429799873   0.1759198966061611
 0.4247082002778668   0.8204732385702833  -0.1759198966061611  -0.3398511429799873
 0.3398511429799873   0.1759198966061611   0.8204732385702833   0.4247082002778668
-0.1759198966061611   0.3398511429799873  -0.4247082002778668   0.8204732385702833 

25 0.02109375000000000
 0.4247082002778668  -0.8204732385702833   0.1759198966061611  -0.3398511429799873
 0.8204732385702833   0.4247082002778668   0.3398511429799873   0.1759198966061611
-0.1759198966061611  -0.3398511429799873   0.4247082002778668   0.8204732385702833
 0.3398511429799873  -0.1759198966061611  -0.8204732385702833   0.4247082002778668 

26 0.02109375000000000
 0.8204732385702833  -0.4247082002778668   0.3398511429799873  -0.1759198966061611
 0.4247082002778668   0.8204732385702833   0.1759198966061611   0.3398511429799873
-0.3398511429799873  -0.1759198966061611   0.8204732385702833   0.4247082002778668
 0.1759198966061611  -0.3398511429799873  -0.4247082002778668   0.8204732385702833 

27 0.02017333553791886
 0.09466273573244157 -0.1292181002738898  -0.5833380616544475   0.7962778126071884
 0.1292181002738898   0.09466273573244157 -0.7962778126071884  -0.5833380616544475
 0.5833380616544475   0.7962778126071884   0.09466273573244157  0.1292181002738898
-0.7962778126071884   0.5833380616544475  -0.1292181002738898   0.09466273573244157 

28 0.02017333553791886
 0.1292181002738898  -0.09466273573244157 -0.7962778126071884   0.5833380616544475
 0.09466273573244157  0.1292181002738898  -0.5833380616544475  -0.7962778126071884
 0.7962778126071884   0.5833380616544475   0.1292181002738898   0.09466273573244157
-0.5833380616544475   0.7962778126071884  -0.09466273573244157  0.1292181002738898 

29 0.02017333553791886
 0.09466273573244157 -0.1292181002738898   0.5833380616544475  -0.7962778126071884
 0.1292181002738898   0.09466273573244157  0.7962778126071884   0.5833380616544475
-0.5833380616544475  -0.7962778126071884   0.09466273573244157  0.1292181002738898
 0.7962778126071884  -0.5833380616544475  -0.1292181002738898   0.09466273573244157 

30 0.02017333553791886
 0.1292181002738898  -0.09466273573244157  0.7962778126071884  -0.5833380616544475
 0.09466273573244157  0.1292181002738898   0.5833380616544475   0.7962778126071884
-0.7962778126071884  -0.5833380616544475   0.1292181002738898   0.09466273573244157
 0.5833380616544475  -0.7962778126071884  -0.09466273573244157  0.1292181002738898 

31 0.02017333553791886
 0.3455456367579967  -0.4716824460472231  -0.4794189614821557   0.6544244359586446
 0.4716824460472231   0.3455456367579967  -0.6544244359586446  -0.4794189614821557
 0.4794189614821557   0.6544244359586446   0.3455456367579967   0.4716824460472231
-0.6544244359586446   0.4794189614821557  -0.4716824460472231   0.3455456367579967 

32 0.02017333553791886
 0.4716824460472231  -0.3455456367579967  -0.6544244359586446   0.4794189614821557
 0.3455456367579967   0.4716824460472231  -0.4794189614821557  -0.6544244359586446
 0.6544244359586446   0.4794189614821557   0.4716824460472231   0.3455456367579967
-0.4794189614821557   0.6544244359586446  -0.3455456367579967   0.4716824460472231 

33 0.02017333553791886
 0.08360821452912526 -0.3734384499083859  -0.2018480854420134   0.9015601704804108
 0.3734384499083859   0.08360821452912526 -0.9015601704804108  -0.2018480854420134
 0.2018480854420134   0.9015601704804108   0.08360821452912526  0.3734384499083859
-0.9015601704804108   0.2018480854420134  -0.3734384499083859   0.08360821452912526 

34 0.02017333553791886
 0.3734384499083859  -0.08360821452912523 -0.9015601704804108   0.2018480854420133
 0.08360821452912523  0.3734384499083859  -0.2018480854420133  -0.9015601704804108
 0.9015601704804108   0.2018480854420133   0.3734384499083859   0.08360821452912523
-0.2018480854420133   0.9015601704804108  -0.08360821452912523  0.3734384499083859 

35 0.02017333553791886
 0.08360821452912526 -0.3734384499083859   0.2018480854420134  -0.9015601704804108
 0.3734384499083859   0.08360821452912526  0.9015601704804108   0.2018480854420134
-0.2018480854420134  -0.9015601704804108   0.08360821452912526  0.3734384499083859
 0.9015601704804108  -0.2018480854420134  -0.3734384499083859   0.08360821452912526 

36 0.02017333553791886
 0.3734384499083859  -0.08360821452912523  0.9015601704804108  -0.2018480854420133
 0.08360821452912523  0.3734384499083859   0.2018480854420133   0.9015601704804108
-0.9015601704804108  -0.2018480854420133   0.3734384499083859   0.08360821452912523
 0.2018480854420133  -0.9015601704804108  -0.08360821452912523  0.3734384499083859 

37 0.02017333553791886
 0.3455456367579967  -0.4716824460472231   0.4794189614821557  -0.6544244359586446
 0.4716824460472231   0.3455456367579967   0.6544244359586446   0.4794189614821557
-0.4794189614821557  -0.6544244359586446   0.3455456367579967   0.4716824460472231
 0.6544244359586446  -0.4794189614821557  -0.4716824460472231   0.3455456367579967 

38 0.02017333553791886
 0.4716824460472231  -0.3455456367579967   0.6544244359586446  -0.4794189614821557
 0.3455456367579967   0.4716824460472231   0.4794189614821557   0.6544244359586446
-0.6544244359586446  -0.4794189614821557   0.4716824460472231   0.3455456367579967
 0.4794189614821557  -0.6544244359586446  -0.3455456367579967   0.4716824460472231 

39 0.02017333553791886
 0.4794189614821558  -0.6544244359586447  -0.3455456367579967   0.4716824460472231
 0.6544244359586447   0.4794189614821558  -0.4716824460472231  -0.3455456367579967
 0.3455456367579967   0.4716824460472231   0.4794189614821558   0.6544244359586447
-0.4716824460472231   0.3455456367579967  -0.6544244359586447   0.4794189614821558 

40 0.02017333553791886
 0.6544244359586447  -0.4794189614821558  -0.4716824460472231   0.3455456367579967
 0.4794189614821558   0.6544244359586447  -0.3455456367579967  -0.4716824460472231
 0.4716824460472231   0.3455456367579967   0.6544244359586447   0.4794189614821558
-0.3455456367579967   0.4716824460472231  -0.4794189614821558   0.6544244359586447 

41 0.02017333553791886
 0.2018480854420134  -0.9015601704804108  -0.08360821452912524  0.3734384499083858
 0.9015601704804108   0.2018480854420134  -0.3734384499083858  -0.08360821452912524
 0.08360821452912524  0.3734384499083858   0.2018480854420134   0.9015601704804108
-0.3734384499083858   0.08360821452912524 -0.9015601704804108   0.2018480854420134 

42 0.02017333553791886
 0.9015601704804108  -0.2018480854420133  -0.3734384499083858   0.08360821452912521
 0.2018480854420133   0.9015601704804108  -0.08360821452912521 -0.3734384499083858
 0.3734384499083858   0.08360821452912521  0.9015601704804108   0.2018480854420133
-0.08360821452912521  0.3734384499083858  -0.2018480854420133   0.9015601704804108 

43 0.02017333553791886
 0.2018480854420134  -0.9015601704804108   0.08360821452912524 -0.3734384499083858
 0.9015601704804108   0.2018480854420134   0.3734384499083858   0.08360821452912524
-0.08360821452912524 -0.3734384499083858   0.2018480854420134   0.9015601704804108
 0.3734384499083858  -0.08360821452912524 -0.9015601704804108   0.2018480854420134 

44 0.02017333553791886
 0.9015601704804108  -0.2018480854420133   0.3734384499083858  -0.08360821452912521
 0.2018480854420133   0.9015601704804108   0.08360821452912521  0.3734384499083858
-0.3734384499083858  -0.08360821452912521  0.9015601704804108   0.2018480854420133
 0.08360821452912521 -0.3734384499083858  -0.2018480854420133   0.9015601704804108 

45 0.02017333553791886
 0.4794189614821558  -0.6544244359586447   0.3455456367579967  -0.4716824460472231
 0.6544244359586447   0.4794189614821558   0.4716824460472231   0.3455456367579967
-0.3455456367579967  -0.4716824460472231   0.4794189614821558   0.6544244359586447
 0.4716824460472231  -0.3455456367579967  -0.6544244359586447   0.4794189614821558 

46 0.02017333553791886
 0.6544244359586447  -0.4794189614821558   0.4716824460472231  -0.3455456367579967
 0.4794189614821558   0.6544244359586447   0.3455456367579967   0.4716824460472231
-0.4716824460472231  -0.3455456367579967   0.6544244359586447   0.4794189614821558
 0.3455456367579967  -0.4716824460472231  -0.4794189614821558   0.6544244359586447 

47 0.02017333553791886
 0.5833380616544475  -0.7962778126071884  -0.09466273573244155  0.1292181002738897
 0.7962778126071884   0.5833380616544475  -0.1292181002738897  -0.09466273573244155
 0.09466273573244155  0.1292181002738897   0.5833380616544475   0.7962778126071884
-0.1292181002738897   0.09466273573244155 -0.7962778126071884   0.5833380616544475 

48 0.02017333553791886
 0.7962778126071884  -0.5833380616544475  -0.1292181002738897   0.09466273573244155
 0.5833380616544475   0.7962778126071884  -0.09466273573244155 -0.1292181002738897
 0.1292181002738897   0.09466273573244155  0.7962778126071884   0.5833380616544475
-0.09466273573244155  0.1292181002738897  -0.5833380616544475   0.7962778126071884 

49 0.02017333553791886
 0.5833380616544475  -0.7962778126071884   0.09466273573244155 -0.1292181002738897
 0.7962778126071884   0.5833380616544475   0.1292181002738897   0.09466273573244155
-0.09466273573244155 -0.1292181002738897   0.5833380616544475   0.7962778126071884
 0.1292181002738897  -0.09466273573244155 -0.7962778126071884   0.5833380616544475 

50 0.02017333553791886
 0.7962778126071884  -0.5833380616544475   0.1292181002738897  -0.09466273573244155
 0.5833380616544475   0.7962778126071884   0.09466273573244155  0.1292181002738897
-0.1292181002738897  -0.09466273573244155  0.7962778126071884   0.5833380616544475
 0.09466273573244155 -0.1292181002738897  -0.5833380616544475   0.7962778126071884
