1 0.04166666666666666
 0.7754141545783018  -0.5900215636484944   0.1790267846942739  -0.1362235430145366
 0.5900215636484944   0.7754141545783018   0.1362235430145366   0.1790267846942739
-0.1790267846942739  -0.1362235430145366   0.7754141545783018   0.5900215636484944
 0.1362235430145366  -0.1790267846942739  -0.5900215636484944   0.7754141545783018

2 0.04166666666666666
 0.5900215636484944  -0.7754141545783018  -0.1362235430145366   0.1790267846942739
 0.7754141545783018   0.5900215636484944  -0.1790267846942739  -0.1362235430145366
 0.1362235430145366   0.1790267846942739   0.5900215636484944   0.7754141545783018
-0.1790267846942739   0.1362235430145366  -0.7754141545783018   0.5900215636484944

3 0.04166666666666666
 0.5313681293677883  -0.833979753619009    0.07992861947776765 -0.1254475883950466
 0.833979753619009    0.5313681293677883   0.1254475883950466   0.07992861947776765
-0.07992861947776765 -0.1254475883950466   0.5313681293677883   0.833979753619009
 0.1254475883950466  -0.07992861947776765 -0.833979753619009    0.5313681293677883

4 0.04166666666666666
 0.833979753619009   -0.5313681293677882  -0.1254475883950466   0.07992861947776764
 0.5313681293677882   0.833979753619009   -0.07992861947776764 -0.1254475883950466
 0.1254475883950466   0.07992861947776764  0.833979753619009    0.5313681293677882
-0.07992861947776764  0.1254475883950466  -0.5313681293677882   0.833979753619009

5 0.04166666666666666
 0.1254475883950467  -0.07992861947776767  0.833979753619009   -0.5313681293677882
 0.07992861947776767  0.1254475883950467   0.5313681293677882   0.833979753619009
-0.833979753619009   -0.5313681293677882   0.1254475883950467   0.07992861947776767
 0.5313681293677882  -0.833979753619009   -0.07992861947776767  0.1254475883950467

6 0.04166666666666666
 0.07992861947776768 -0.1254475883950467  -0.5313681293677883   0.833979753619009
 0.1254475883950467   0.07992861947776768 -0.833979753619009   -0.5313681293677883
 0.5313681293677883   0.833979753619009    0.07992861947776768  0.1254475883950467
-0.833979753619009    0.5313681293677883  -0.1254475883950467   0.07992861947776768

7 0.04166666666666666
 0.1362235430145368  -0.1790267846942741   0.5900215636484944  -0.7754141545783017
 0.1790267846942741   0.1362235430145368   0.7754141545783017   0.5900215636484944
-0.5900215636484944  -0.7754141545783017   0.1362235430145368   0.1790267846942741
 0.7754141545783017  -0.5900215636484944  -0.1790267846942741   0.1362235430145368

8 0.04166666666666666
 0.1790267846942741  -0.1362235430145368  -0.7754141545783017   0.5900215636484944
 0.1362235430145368   0.1790267846942741  -0.5900215636484944  -0.7754141545783017
 0.7754141545783017   0.5900215636484944   0.1790267846942741   0.1362235430145368
-0.5900215636484944   0.7754141545783017  -0.1362235430145368   0.1790267846942741

9 0.04166666666666666
 0.927969039290799   -0.2484282658181304   0.268322327009181   -0.07183305429038907
 0.2484282658181304   0.927969039290799    0.07183305429038907  0.268322327009181
-0.268322327009181   -0.07183305429038907  0.927969039290799    0.2484282658181304
 0.07183305429038907 -0.268322327009181   -0.2484282658181304   0.927969039290799

10 0.04166666666666666
 0.2484282658181305  -0.927969039290799   -0.0718330542903891   0.268322327009181
 0.927969039290799    0.2484282658181305  -0.268322327009181   -0.0718330542903891
 0.0718330542903891   0.268322327009181    0.2484282658181305   0.927969039290799
-0.268322327009181    0.0718330542903891  -0.927969039290799    0.2484282658181305

11 0.04166666666666666
 0.5135328397249768  -0.6748916604016961   0.3208836576793044  -0.4217095534590058
 0.6748916604016961   0.5135328397249768   0.4217095534590058   0.3208836576793044
-0.3208836576793044  -0.4217095534590058   0.5135328397249768   0.6748916604016961
 0.4217095534590058  -0.3208836576793044  -0.6748916604016961   0.5135328397249768

12 0.04166666666666666
 0.6748916604016961  -0.5135328397249768  -0.4217095534590058   0.3208836576793044
 0.5135328397249768   0.6748916604016961  -0.3208836576793044  -0.4217095534590058
 0.4217095534590058   0.3208836576793044   0.6748916604016961   0.5135328397249768
-0.3208836576793044   0.4217095534590058  -0.5135328397249768   0.6748916604016961

13 0.04166666666666666
 0.4217095534590058  -0.3208836576793043   0.6748916604016961  -0.5135328397249768
 0.3208836576793043   0.4217095534590058   0.5135328397249768   0.6748916604016961
-0.6748916604016961  -0.5135328397249768   0.4217095534590058   0.3208836576793043
 0.5135328397249768  -0.6748916604016961  -0.3208836576793043   0.4217095534590058

14 0.04166666666666666
 0.3208836576793043  -0.4217095534590058  -0.5135328397249768   0.6748916604016961
 0.4217095534590058   0.3208836576793043  -0.6748916604016961  -0.5135328397249768
 0.5135328397249768   0.6748916604016961   0.3208836576793043   0.4217095534590058
-0.6748916604016961   0.5135328397249768  -0.4217095534590058   0.3208836576793043

15 0.04166666666666666
 0.07183305429038913 -0.2683223270091811   0.2484282658181305  -0.927969039290799
 0.2683223270091811   0.07183305429038913  0.927969039290799    0.2484282658181305
-0.2484282658181305  -0.927969039290799    0.07183305429038913  0.2683223270091811
 0.927969039290799   -0.2484282658181305  -0.2683223270091811   0.07183305429038913

16 0.04166666666666666
 0.2683223270091811  -0.07183305429038911 -0.927969039290799    0.2484282658181304
 0.07183305429038911  0.2683223270091811  -0.2484282658181304  -0.927969039290799
 0.927969039290799    0.2484282658181304   0.2683223270091811   0.07183305429038911
-0.2484282658181304   0.927969039290799   -0.07183305429038911  0.2683223270091811

17 0.04166666666666666
 0.6784175795939236  -0.4322520764259824   0.501007898718651   -0.319215938738765
 0.4322520764259824   0.6784175795939236   0.319215938738765    0.501007898718651
-0.501007898718651   -0.319215938738765    0.6784175795939236   0.4322520764259824
 0.319215938738765   -0.501007898718651   -0.4322520764259824   0.6784175795939236

18 0.04166666666666666
 0.4322520764259825  -0.6784175795939236  -0.3192159387387651   0.501007898718651
 0.6784175795939236   0.4322520764259825  -0.501007898718651   -0.3192159387387651
 0.3192159387387651   0.501007898718651    0.4322520764259825   0.6784175795939236
-0.501007898718651    0.3192159387387651  -0.6784175795939236   0.4322520764259825

19 0.04166666666666666
 0.2264589512004898  -0.845905737385636    0.1248716715963387  -0.4664406634417435
 0.845905737385636    0.2264589512004898   0.4664406634417435   0.1248716715963387
-0.1248716715963387  -0.4664406634417435   0.2264589512004898   0.845905737385636
 0.4664406634417435  -0.1248716715963387  -0.845905737385636    0.2264589512004898

20 0.04166666666666666
 0.845905737385636   -0.2264589512004897  -0.4664406634417435   0.1248716715963387
 0.2264589512004897   0.845905737385636   -0.1248716715963387  -0.4664406634417435
 0.4664406634417435   0.1248716715963387   0.845905737385636    0.2264589512004897
-0.1248716715963387   0.4664406634417435  -0.2264589512004897   0.845905737385636

21 0.04166666666666666
 0.4664406634417434  -0.1248716715963387   0.845905737385636   -0.2264589512004898
 0.1248716715963387   0.4664406634417434   0.2264589512004898   0.845905737385636
-0.845905737385636   -0.2264589512004898   0.4664406634417434   0.1248716715963387
 0.2264589512004898  -0.845905737385636   -0.1248716715963387   0.4664406634417434

22 0.04166666666666666
 0.1248716715963387  -0.4664406634417434  -0.2264589512004898   0.845905737385636
 0.4664406634417434   0.1248716715963387  -0.845905737385636   -0.2264589512004898
 0.2264589512004898   0.845905737385636    0.1248716715963387   0.4664406634417434
-0.845905737385636    0.2264589512004898  -0.4664406634417434   0.1248716715963387

23 0.04166666666666666
 0.3192159387387651  -0.501007898718651    0.4322520764259825  -0.6784175795939236
 0.501007898718651    0.3192159387387651   0.6784175795939236   0.4322520764259825
-0.4322520764259825  -0.6784175795939236   0.3192159387387651   0.501007898718651
 0.6784175795939236  -0.4322520764259825  -0.501007898718651    0.3192159387387651

24 0.04166666666666666
 0.501007898718651   -0.319215938738765   -0.6784175795939236   0.4322520764259824
 0.319215938738765    0.501007898718651   -0.4322520764259824  -0.6784175795939236
 0.6784175795939236   0.4322520764259824   0.501007898718651    0.319215938738765
-0.4322520764259824   0.6784175795939236  -0.319215938738765    0.501007898718651
