1 0.02976190476190476
 0.6801931358724593   -0.6801931358724593    0.1932286156654598   -0.1932286156654598
 0.6801931358724593    0.6801931358724593    0.1932286156654598    0.1932286156654598
-0.1932286156654598   -0.1932286156654598    0.6801931358724593    0.6801931358724593
 0.1932286156654598   -0.1932286156654598   -0.6801931358724593    0.6801931358724593

2 0.02976190476190476
 0.6801931358724593   -0.6801931358724593   -0.1932286156654598    0.1932286156654598
 0.6801931358724593    0.6801931358724593   -0.1932286156654598   -0.1932286156654598
 0.1932286156654598    0.1932286156654598    0.6801931358724593    0.6801931358724593
-0.1932286156654598    0.1932286156654598   -0.6801931358724593    0.6801931358724593

3 0.02976190476190476
 0.1932286156654599   -0.1932286156654599    0.6801931358724593   -0.6801931358724593
 0.1932286156654599    0.1932286156654599    0.6801931358724593    0.6801931358724593
-0.6801931358724593   -0.6801931358724593    0.1932286156654599    0.1932286156654599
 0.6801931358724593   -0.6801931358724593   -0.1932286156654599    0.1932286156654599

4 0.02976190476190476
 0.1932286156654599   -0.1932286156654599   -0.6801931358724593    0.6801931358724593
 0.1932286156654599    0.1932286156654599   -0.6801931358724593   -0.6801931358724593
 0.6801931358724593    0.6801931358724593    0.1932286156654599    0.1932286156654599
-0.6801931358724593    0.6801931358724593   -0.1932286156654599    0.1932286156654599

5 0.02976190476190476
 0.6176024433482946   -0.3443359144356229    0.6176024433482946   -0.3443359144356229
 0.3443359144356229    0.6176024433482946    0.3443359144356229    0.6176024433482946
-0.6176024433482946   -0.3443359144356229    0.6176024433482946    0.3443359144356229
 0.3443359144356229   -0.6176024433482946   -0.3443359144356229    0.6176024433482946

6 0.02976190476190476
 0.3443359144356229   -0.6176024433482946    0.3443359144356229   -0.6176024433482946
 0.6176024433482946    0.3443359144356229    0.6176024433482946    0.3443359144356229
-0.3443359144356229   -0.6176024433482946    0.3443359144356229    0.6176024433482946
 0.6176024433482946   -0.3443359144356229   -0.6176024433482946    0.3443359144356229

7 0.02976190476190476
 0.6176024433482946   -0.3443359144356229   -0.6176024433482946    0.3443359144356229
 0.3443359144356229    0.6176024433482946   -0.3443359144356229   -0.6176024433482946
 0.6176024433482946    0.3443359144356229    0.6176024433482946    0.3443359144356229
-0.3443359144356229    0.6176024433482946   -0.3443359144356229    0.6176024433482946

8 0.02976190476190476
 0.3443359144356229   -0.6176024433482946   -0.3443359144356229    0.6176024433482946
 0.6176024433482946    0.3443359144356229   -0.6176024433482946   -0.3443359144356229
 0.3443359144356229    0.6176024433482946    0.3443359144356229    0.6176024433482946
-0.6176024433482946    0.3443359144356229   -0.6176024433482946    0.3443359144356229

9 0.02976190476190476
 0.9619383577839180   -0.2732665289126716    0.0000000000000000    0.0000000000000000
 0.2732665289126716    0.9619383577839180    0.0000000000000000    0.0000000000000000
 0.0000000000000000    0.0000000000000000    0.9619383577839180    0.2732665289126716
 0.0000000000000000    0.0000000000000000   -0.2732665289126716    0.9619383577839180

10 0.02976190476190476
 0.2732665289126717   -0.9619383577839180    0.0000000000000000    0.0000000000000000
 0.9619383577839180    0.2732665289126717    0.0000000000000000    0.0000000000000000
 0.0000000000000000    0.0000000000000000    0.2732665289126717    0.9619383577839180
 0.0000000000000000    0.0000000000000000   -0.9619383577839180    0.2732665289126717

11 0.02976190476190476
 0.0000000000000000    0.0000000000000000    0.9619383577839180   -0.2732665289126716
 0.0000000000000000    0.0000000000000000    0.2732665289126716    0.9619383577839180
-0.9619383577839180   -0.2732665289126716    0.0000000000000000    0.0000000000000000
 0.2732665289126716   -0.9619383577839180    0.0000000000000000    0.0000000000000000

12 0.02976190476190476
 0.0000000000000000    0.0000000000000000    0.2732665289126717   -0.9619383577839180
 0.0000000000000000    0.0000000000000000    0.9619383577839180    0.2732665289126717
-0.2732665289126717   -0.9619383577839180    0.0000000000000000    0.0000000000000000
 0.9619383577839180   -0.2732665289126717    0.0000000000000000    0.0000000000000000

13 0.03214285714285714
 0.5824135321601589   -0.5824135321601589    0.4009918671952432   -0.4009918671952432
 0.5824135321601589    0.5824135321601589    0.4009918671952432    0.4009918671952432
-0.4009918671952432   -0.4009918671952432    0.5824135321601589    0.5824135321601589
 0.4009918671952432   -0.4009918671952432   -0.5824135321601589    0.5824135321601589

14 0.03214285714285714
 0.5824135321601589   -0.5824135321601589   -0.4009918671952432    0.4009918671952432
 0.5824135321601589    0.5824135321601589   -0.4009918671952432   -0.4009918671952432
 0.4009918671952432    0.4009918671952432    0.5824135321601589    0.5824135321601589
-0.4009918671952432    0.4009918671952432   -0.5824135321601589    0.5824135321601589

15 0.03214285714285714
 0.4009918671952432   -0.4009918671952432    0.5824135321601589   -0.5824135321601589
 0.4009918671952432    0.4009918671952432    0.5824135321601589    0.5824135321601589
-0.5824135321601589   -0.5824135321601589    0.4009918671952432    0.4009918671952432
 0.5824135321601589   -0.5824135321601589   -0.4009918671952432    0.4009918671952432

16 0.03214285714285714
 0.4009918671952432   -0.4009918671952432   -0.5824135321601589    0.5824135321601589
 0.4009918671952432    0.4009918671952432   -0.5824135321601589   -0.5824135321601589
 0.5824135321601589    0.5824135321601589    0.4009918671952432    0.4009918671952432
-0.5824135321601589    0.5824135321601589   -0.4009918671952432    0.4009918671952432

17 0.03214285714285714
 0.6953726265396697   -0.1282844895508457    0.6953726265396697   -0.1282844895508457
 0.1282844895508457    0.6953726265396697    0.1282844895508457    0.6953726265396697
-0.6953726265396697   -0.1282844895508457    0.6953726265396697    0.1282844895508457
 0.1282844895508457   -0.6953726265396697   -0.1282844895508457    0.6953726265396697

18 0.03214285714285714
 0.1282844895508457   -0.6953726265396697    0.1282844895508457   -0.6953726265396697
 0.6953726265396697    0.1282844895508457    0.6953726265396697    0.1282844895508457
-0.1282844895508457   -0.6953726265396697    0.1282844895508457    0.6953726265396697
 0.6953726265396697   -0.1282844895508457   -0.6953726265396697    0.1282844895508457

19 0.03214285714285714
 0.6953726265396697   -0.1282844895508457   -0.6953726265396697    0.1282844895508457
 0.1282844895508457    0.6953726265396697   -0.1282844895508457   -0.6953726265396697
 0.6953726265396697    0.1282844895508457    0.6953726265396697    0.1282844895508457
-0.1282844895508457    0.6953726265396697   -0.1282844895508457    0.6953726265396697

20 0.03214285714285714
 0.1282844895508457   -0.6953726265396697   -0.1282844895508457    0.6953726265396697
 0.6953726265396697    0.1282844895508457   -0.6953726265396697   -0.1282844895508457
 0.1282844895508457    0.6953726265396697    0.1282844895508457    0.6953726265396697
-0.6953726265396697    0.1282844895508457   -0.6953726265396697    0.1282844895508457

21 0.03214285714285714
 0.8236571160905160   -0.5670881369888239    0.0000000000000000    0.0000000000000000
 0.5670881369888239    0.8236571160905160    0.0000000000000000    0.0000000000000000
 0.0000000000000000    0.0000000000000000    0.8236571160905160    0.5670881369888239
 0.0000000000000000    0.0000000000000000   -0.5670881369888239    0.8236571160905160

22 0.03214285714285714
 0.5670881369888239   -0.8236571160905160    0.0000000000000000    0.0000000000000000
 0.8236571160905160    0.5670881369888239    0.0000000000000000    0.0000000000000000
 0.0000000000000000    0.0000000000000000    0.5670881369888239    0.8236571160905160
 0.0000000000000000    0.0000000000000000   -0.8236571160905160    0.5670881369888239

23 0.03214285714285714
 0.0000000000000000    0.0000000000000000    0.8236571160905160   -0.5670881369888239
 0.0000000000000000    0.0000000000000000    0.5670881369888239    0.8236571160905160
-0.8236571160905160   -0.5670881369888239    0.0000000000000000    0.0000000000000000
 0.5670881369888239   -0.8236571160905160    0.0000000000000000    0.0000000000000000

24 0.03214285714285714
 0.0000000000000000    0.0000000000000000    0.5670881369888239   -0.8236571160905160
 0.0000000000000000    0.0000000000000000    0.8236571160905160    0.5670881369888239
-0.5670881369888239   -0.8236571160905160    0.0000000000000000    0.0000000000000000
 0.8236571160905160   -0.5670881369888239    0.0000000000000000    0.0000000000000000

25 0.03214285714285714
 0.8204732385702830   -0.4247082002778669    0.3398511429799873   -0.1759198966061611
 0.4247082002778669    0.8204732385702830    0.1759198966061611    0.3398511429799873
-0.3398511429799873   -0.1759198966061611    0.8204732385702830    0.4247082002778669
 0.1759198966061611   -0.3398511429799873   -0.4247082002778669    0.8204732385702830

26 0.03214285714285714
 0.4247082002778669   -0.8204732385702830    0.1759198966061612   -0.3398511429799873
 0.8204732385702830    0.4247082002778669    0.3398511429799873    0.1759198966061612
-0.1759198966061612   -0.3398511429799873    0.4247082002778669    0.8204732385702830
 0.3398511429799873   -0.1759198966061612   -0.8204732385702830    0.4247082002778669

27 0.03214285714285714
 0.8204732385702830   -0.4247082002778669   -0.3398511429799873    0.1759198966061611
 0.4247082002778669    0.8204732385702830   -0.1759198966061611   -0.3398511429799873
 0.3398511429799873    0.1759198966061611    0.8204732385702830    0.4247082002778669
-0.1759198966061611    0.3398511429799873   -0.4247082002778669    0.8204732385702830

28 0.03214285714285714
 0.4247082002778669   -0.8204732385702830   -0.1759198966061612    0.3398511429799873
 0.8204732385702830    0.4247082002778669   -0.3398511429799873   -0.1759198966061612
 0.1759198966061612    0.3398511429799873    0.4247082002778669    0.8204732385702830
-0.3398511429799873    0.1759198966061612   -0.8204732385702830    0.4247082002778669

29 0.03214285714285714
 0.3398511429799874   -0.1759198966061612    0.8204732385702830   -0.4247082002778669
 0.1759198966061612    0.3398511429799874    0.4247082002778669    0.8204732385702830
-0.8204732385702830   -0.4247082002778669    0.3398511429799874    0.1759198966061612
 0.4247082002778669   -0.8204732385702830   -0.1759198966061612    0.3398511429799874

30 0.03214285714285714
 0.1759198966061612   -0.3398511429799874    0.4247082002778669   -0.8204732385702830
 0.3398511429799874    0.1759198966061612    0.8204732385702830    0.4247082002778669
-0.4247082002778669   -0.8204732385702830    0.1759198966061612    0.3398511429799874
 0.8204732385702830   -0.4247082002778669   -0.3398511429799874    0.1759198966061612

31 0.03214285714285714
 0.3398511429799874   -0.1759198966061612   -0.8204732385702830    0.4247082002778669
 0.1759198966061612    0.3398511429799874   -0.4247082002778669   -0.8204732385702830
 0.8204732385702830    0.4247082002778669    0.3398511429799874    0.1759198966061612
-0.4247082002778669    0.8204732385702830   -0.1759198966061612    0.3398511429799874

32 0.03214285714285714
 0.1759198966061612   -0.3398511429799874   -0.4247082002778669    0.8204732385702830
 0.3398511429799874    0.1759198966061612   -0.8204732385702830   -0.4247082002778669
 0.4247082002778669    0.8204732385702830    0.1759198966061612    0.3398511429799874
-0.8204732385702830    0.4247082002778669   -0.3398511429799874    0.1759198966061612
